
power = 6984.5823127495
throughput = 4921.06
composite = 5862.7253590782
